58=[6, 23, 42, 63, 86]
14=[2, 11, 22, 35, 50, 67, 86]


4=[5, 12, 21, 32, 45]
19=[6, 17, 30, 45]

48=[1, 16, 33, 52]
16=[9, 20, 33, 48]

[4, 5, 11, 25, 24, 12, 13, 36, 45, 55, 26, 38, 43, 21, 15, 34, 30, 51, 49, 32, 17, 8, 28, 53, 47, 2, 23, 41, 40, 9, 7, 18, 31, 50, 14, 22, 42, 39, 10, 6, 19]

[48, 52, 29, 20, 44, 37, 27, 54, 46, 35, 1, 3, 33, 16]

[19, 6, 10, 39, 42, 22, 14, 50, 31, 18, 7, 9, 40, 41, 23, 2, 47, 53, 28, 36, 13, 12, 24, 25, 11, 5, 4, 45, 55, 
26, 38, 43, 21, 15, 34, 30, 51, 49, 32, 17, 8, 1, 35, 46, 54, 27, 37, 44, 20, 29, 52, 48, 16, 33, 3]

[36, 13, 12, 24, 25, 11, 5, 4, 21, 43, 38, 26, 55, 45, 19, 6, 10, 39, 42, 22, 14, 50, 31, 18, 7, 9, 40, 41, 23, 2, 47, 53, 
28, 8, 17, 32, 49, 51, 30, 34, 15, 1, 35, 46, 54, 27, 37, 44, 20, 29, 52, 48, 16, 33, 3]

[2, 23, 13, 12, 4, 21, 15, 10, 6, 19, 17, 8, 1, 3, 22, 14, 11, 5, 20, 16, 9, 7, 18]

[13, 3, 22, 59, 5, 11, 38, 62, 19, 6, 30, 51, 49, 32, 17, 47, 53, 28, 36, 45, 55, 26, 10, 39, 25, 56, 44, 37, 27, 54, 46, 18, 31, 50, 14, 35, 1, 8, 41, 40, 
9, 16, 33, 48, 52, 29, 7, 42, 58, 23, 2, 34, 15, 21, 43, 57, 24, 12, 4, 60, 61, 20]

[245, 239, 290, 286, 38, 83, 61, 39, 42, 58, 63, 18, 207, 154, 135, 189, 100, 224, 260, 181, 180, 261, 139, 150, 211, 273, 256, 228, 172, 269, 215, 185, 104, 152, 137, 32, 112, 113, 248, 8, 41, 128, 272, 257, 227, 173, 268, 216, 184, 105, 219, 265, 176, 148, 213, 271, 258, 226, 174, 267, 262, 179, 110, 146, 143, 218, 106, 119, 281, 295, 234, 90, 31, 33, 16, 240, 289, 287, 242, 14, 50, 94, 162, 34, 30, 19, 45, 124, 165, 4, 60, 196, 288, 241, 200, 161, 64, 17, 47, 53, 28, 197, 59, 22, 78, 91, 198, 243, 13, 
12, 37, 27, 54, 46, 75, 69, 52, 117, 108, 88, 168, 193, 131, 65, 35, 29, 92, 77, 23, 26, 95, 130, 159, 202, 122, 74, 70, 51, 49, 15, 66, 190, 251, 73, 71, 98, 127, 129, 67, 222, 102, 187, 254, 275, 209, 232, 297, 279, 121, 48, 96, 160, 36, 133, 123, 277, 299, 230, 170, 191, 250, 111, 145, 144, 217, 183, 178, 263, 266, 175, 225, 259, 270, 
214, 147, 142, 182, 107, 149, 212, 188, 136, 264, 177, 223, 138, 151, 210, 274, 255, 186, 103, 221, 220, 141, 115, 81, 
208, 233, 296, 280, 9, 247, 282, 294, 235, 126, 43, 21, 79, 2, 62, 134, 10, 6, 163, 93, 7, 249, 40, 24, 57, 87, 82, 
114, 55, 201, 199, 125, 164, 236, 293, 283, 246, 195, 166, 158, 203, 86, 238, 291, 285, 244, 156, 205, 84, 85, 140, 
116, 109, 252, 72, 153, 171, 229, 300, 276, 253, 231, 298, 278, 11, 25, 56, 169, 155, 101, 68, 76, 120, 1, 99, 157, 
132, 192, 97, 3, 118, 206, 194, 167, 89, 80, 20, 44, 5, 284, 292, 237, 204]


